ID,BlendProperty1,BlendProperty2,BlendProperty3,BlendProperty4,BlendProperty5,BlendProperty6,BlendProperty7,BlendProperty8,BlendProperty9,BlendProperty10
1,0.15330558,0.24248196,0.80472475,0.69020826,0.3544708,0.76594543,0.7541638,0.29957277,-0.39159632,0.3195477
2,-0.6871265,-0.64227045,-1.1756542,0.024838084,-0.7276677,-0.1126588,-1.1668252,-1.0929767,-0.86678106,-0.028674413
3,1.835382,1.1651337,1.0944653,1.1588851,2.5447862,1.7882757,1.0356014,2.018653,0.7061949,2.199989
4,-0.49535394,0.07599335,0.80817914,-0.5965733,1.8905587,-0.5121162,0.74461305,1.5653898,0.73653984,-0.8343689
5,0.1321142,-1.0511446,1.0225394,0.50248855,2.5918279,0.24376458,0.99383646,-0.05797641,-0.5967635,1.1192217
6,-1.5260804,-1.6649101,0.3914172,-1.5151585,0.0060965186,-1.6964476,0.38948375,0.08046897,-0.8707112,0.086762354
7,1.0745084,0.5640651,-0.12800036,-0.045982644,-0.109219566,0.5391916,-0.16424257,0.26426077,1.2874333,0.27609667
8,2.3023062,1.2791864,0.86015785,1.4802332,-1.5136368,1.4817677,0.8313718,0.7323997,1.7245646,0.53837204
9,1.3440945,1.1843625,1.2856574,1.803474,-0.54999226,1.1579808,1.2297289,0.26902276,0.96693814,1.0800813
10,-0.99483645,-0.78748107,-2.4311354,-0.5357321,-1.1993124,-0.5910741,-2.4094622,0.43527505,-0.6416758,-1.1881278
11,-0.054085314,0.4978418,0.8801874,0.48490027,1.6616144,-0.35571963,0.8223689,-0.009759812,-0.7272816,1.0478054
12,1.6826795,1.0022213,0.84276515,-0.2979237,1.1344504,0.5777924,0.79767394,1.37199,-0.22746623,1.0808128
13,0.74249035,-0.32827485,0.8056795,0.10212064,-1.372422,2.4880621,0.7726785,0.7235168,1.366338,1.7581958
14,-0.13640267,0.9349748,0.5953615,-0.9331929,2.7361479,-0.4445579,0.5581199,0.17349023,-0.9868748,-0.16769765
15,0.48999095,2.0301883,0.6044152,1.539982,-0.20944051,0.25649935,0.583925,0.9577004,0.6269151,-0.49350002
16,-0.07012346,-0.75698787,1.0673075,-0.7962762,0.5726136,-1.3117576,1.075092,-0.105386436,-1.7918792,0.040096518
17,-1.4747705,-1.5028389,-0.09222472,-1.6419055,-0.7937832,-0.06351352,-0.10288048,-0.9465656,-0.4597999,-1.4729625
18,-0.21429393,-0.56184566,0.28781283,-0.7221305,-0.050028257,-0.16185398,0.2743098,0.861427,-0.27949548,-1.0170648
19,0.18879405,-0.3643014,0.84938323,-0.7859409,1.6639383,-0.9243645,0.8044046,1.6388519,-1.3463211,1.6707757
20,-0.6914589,-1.821011,0.4825093,-1.4708306,-0.77614653,-0.86045325,0.46316066,-0.044052493,-1.2868631,-1.8648171
21,-0.022837862,-2.1962943,0.26804626,-0.9283743,1.7424399,-2.0268734,0.23202257,0.8220444,-0.7041203,0.6278868
22,0.54675364,1.072196,-0.026316082,1.6570315,1.336737,1.8215674,-0.018314641,0.817317,0.58896106,1.5847054
23,0.92554367,1.5654304,1.0330534,0.8157249,1.5352334,0.36384785,1.0291605,0.8926891,0.10296879,1.3864394
24,0.2537297,0.64037186,0.54627264,0.41037232,-0.99694616,0.28061643,0.5128235,-0.78169465,-0.041239165,-0.012452822
25,-1.4208415,-0.95221883,-0.1108509,-0.5439266,-0.55571616,-0.3953718,-0.099572144,-1.172586,-0.26061982,-0.0013281484
26,-0.53601134,-0.652724,0.21784806,-1.1602983,-0.31091988,0.21805397,0.24276882,-1.1154935,-0.14611286,-1.5949612
27,0.8191793,0.26574,-0.35756996,1.5795946,-1.3535094,0.3869784,-0.3352177,0.42239258,0.42197976,-1.1231754
28,0.24693818,-0.29300413,-0.53483003,-0.59721,-1.1588645,-0.36258566,-0.52879846,-1.0218854,0.7242526,0.66410327
29,-1.0747702,-1.5994973,-0.37741935,-0.5986128,-0.43904257,-0.8427807,-0.3544586,-1.0344718,-0.31347615,0.23267008
30,-0.18192165,0.16224687,-0.6840676,-0.83946085,-1.72808,0.22918731,-0.68099046,-0.87034494,-0.14247033,-1.7402246
31,-1.1996373,-0.3617229,0.1445951,-0.4795807,1.0784577,-0.9121269,0.13825868,-0.0358834,-1.5553068,0.35713428
32,-1.2914401,-0.33450037,-0.45550555,-1.0521438,0.37796116,-1.4812407,-0.386694,-0.29635936,-0.6672267,0.2781677
33,0.7326478,0.53753257,-0.39940172,0.447193,0.14242962,-0.6032796,-0.40289545,0.12320166,0.5161924,-0.12862636
34,0.58272797,0.9228798,0.07458218,-0.008819343,-0.9746138,0.056325063,0.0703495,1.1920991,-0.010396108,-0.5985154
35,-0.78375053,-1.3911853,-0.33285242,-0.93594843,0.115133405,-0.43503702,-0.27204064,-1.2160666,-2.2250934,0.09401794
36,1.7441195,0.36416835,0.48135465,0.7118993,0.80074936,0.61601436,0.44517255,1.2965001,-0.3826707,0.4128674
37,0.12078051,-0.31813583,-0.6167232,-0.043785475,-1.2735577,0.38849917,-0.61563087,-0.3496159,1.7629815,-0.28878033
38,0.3940202,0.8030923,0.48849598,1.4697509,0.30951607,0.6637539,0.4660098,-0.022755682,1.2226493,-0.61311966
39,-2.0673823,-1.5081475,0.107758164,-1.4494162,0.2400609,-0.2434103,0.12341665,-1.699481,-0.8975055,-0.0053982725
40,0.16751476,0.77668154,0.4900209,-1.2041394,-0.22514011,0.317365,0.47082594,-0.36075515,0.867786,-0.43923533
41,2.0018106,1.2991961,1.3882704,1.4123671,2.2160704,2.2578235,1.3706758,1.1115701,1.5315435,1.939194
42,2.0951838,0.69012815,1.2005029,0.7524724,-1.2085929,0.67365754,1.16133,1.0004286,1.6254624,2.1522036
43,-1.7663324,-0.3058902,-0.822385,-1.3832203,-0.50570524,-0.4046068,-0.8112073,-1.9669161,-0.8326402,-1.4574531
44,1.2481413,0.50342107,0.12602916,0.73026526,-0.33585906,0.5111435,0.11237416,1.8234274,0.26199412,0.20022108
45,-0.59751266,-0.6763209,-0.12167334,-1.5199203,1.77336,-1.4147482,-0.12453446,-0.16120112,-1.0895658,0.5387089
46,0.5635874,1.0518651,0.718028,0.67648184,0.7346959,0.743763,0.7232129,0.4543305,0.84504586,-0.8992549
47,-1.4673527,-1.9487793,-0.7063628,-1.215953,-0.07284692,-2.109448,-0.6873136,-1.2177386,-2.2105284,-0.37046534
48,-0.13120697,0.23890793,-0.2756663,0.13656431,-0.43928775,-0.59002197,-0.2722711,0.19678284,0.8255447,-0.47588533
49,-0.3398018,-1.0671644,0.38614827,-0.08207066,-0.91138047,-0.6491728,0.38440913,-0.2922632,-1.4214876,-0.09540566
50,-1.8982494,-1.5131947,-2.2872162,-0.67047596,-0.5631542,-1.4846222,-2.2380548,-1.9591014,-2.131779,-1.8529458
51,2.3532357,0.95053923,1.6424878,0.49755555,2.7195225,-0.97802866,2.0425916,-0.47011152,-0.5888494,1.9558235
52,-0.14459841,1.0285755,1.543551,-0.3761745,1.0301645,1.2840352,1.7870861,0.3106457,0.83431065,-0.8395587
53,-0.020733602,-0.091227,-0.33279198,-1.115693,0.017196033,-0.66701865,-0.32948637,0.44747153,0.34557348,0.31337506
54,1.5650105,0.5372366,0.07386684,0.48596177,0.6737473,-0.3130953,0.06425841,0.65918523,-1.0183206,2.3352265
55,0.95992017,0.60264987,0.59768856,0.2885181,-0.10453412,1.3930022,0.5416936,-0.02894777,0.99012625,-0.3982051
56,0.7832154,0.088940784,0.5611291,0.07896665,-0.10424625,0.5473503,0.52182996,0.9558284,0.1058012,-1.1147858
57,-0.03601957,0.28537422,0.2795704,0.21521364,-0.20563829,1.1385189,0.29065058,0.3655988,0.60392153,0.7123107
58,-1.8419127,-0.90367496,0.43725318,-0.18916234,1.2276658,-0.97566307,0.4197873,-0.44376984,-2.1048565,0.17016646
59,-0.4697969,0.09989528,0.1478557,0.62928945,-1.3742702,-0.5744399,0.13277966,-0.3943864,0.30223894,-2.077382
60,-1.0164741,-1.6567018,0.1589724,-1.5663794,1.8201648,-1.1696378,0.12440491,-0.8960335,-1.2000229,0.65150464
61,-0.52158725,-0.12256594,-2.0339336,-1.1315072,0.04270249,-0.882174,-2.0164742,-0.5350791,-0.4901722,-1.152582
62,-0.0050149187,-1.3983442,0.12661745,-0.6827035,-0.9612347,0.9015828,0.1284176,-1.0350094,1.0295395,-0.7116469
63,1.5383172,0.5061664,0.5580955,1.8154283,-0.23365079,1.2616459,0.5205321,0.87251216,1.3892875,1.1835839
64,-0.23204303,-0.43678868,0.6822146,-0.5809504,1.0156624,-1.5224085,0.65911627,-0.33887726,-1.179776,-0.24803536
65,-0.4392084,-1.0644462,1.0774685,-1.7828271,0.20433965,1.4244399,1.0509313,0.79970145,0.8182566,-1.1358719
66,0.53831816,-0.41277778,-0.30484527,-0.8391394,0.8246147,0.033820756,-0.3109228,-0.70113945,0.613302,-0.18436316
67,1.1702727,1.7429179,1.2211416,0.4984525,-0.14048961,1.4505424,1.2196138,1.7658001,0.9610034,0.9046875
68,-0.8818099,-0.9913553,-0.8188444,0.7523044,-1.0498859,-0.8515273,-0.8063835,0.27464354,-0.8807547,-0.6537756
69,1.5134478,1.8124754,0.83559346,1.0686367,-0.457551,-0.11733167,0.8316691,1.18092,0.0023305141,1.7855488
70,-0.015973678,-0.18152502,0.36773786,-0.22715876,-0.28734443,-0.86950374,0.3484341,-0.3496384,0.41221634,0.65501976
71,-0.21454076,-0.039935328,0.006754375,-0.38572416,-0.80255413,-0.62390924,-0.0043269824,-0.07370169,-0.47019783,0.6500924
72,0.45283067,-0.5158176,-0.022575825,0.54110086,0.28856805,1.2956916,-0.029436398,0.2936759,0.41434094,-0.9332533
73,0.46704268,0.8118947,1.6446931,-0.51693213,3.2179098,1.7481765,2.0132198,0.5509872,0.17030379,1.5662283
74,1.7026969,1.0283191,1.2493975,1.1700734,1.5608624,-0.04448709,1.2398591,1.0234182,0.50814867,2.2056978
75,1.2309871,0.5075987,0.10349448,0.89433837,-0.5494941,0.30489525,0.080837816,0.58161026,0.75833094,0.38123485
76,-0.98512936,-0.45890206,-0.47423667,-0.4891793,-0.28508493,0.23449278,-0.48249012,-0.47754675,-0.35749966,-1.2884779
77,-0.5220087,0.24904537,0.8717255,-0.8702878,-1.1339749,-0.30830395,0.8229617,-0.5200297,-0.5328488,-1.0075023
78,0.8745113,0.95847964,0.9117252,0.3834468,1.0089512,2.1143856,0.8697284,1.690907,0.674904,-0.36748663
79,1.0304005,0.95571274,0.3938316,0.9904614,-0.6404309,0.36783206,0.362248,0.80676377,0.939895,0.10332756
80,0.8126753,0.6541891,-0.8229487,0.75115824,-0.71099377,0.63559127,-0.83323133,-0.23193642,2.05934,0.59503144
81,0.00065976055,0.8898739,1.136338,0.2446222,-0.4540277,-0.56860745,1.0712435,1.4084876,-0.09376249,1.2647207
82,1.6765094,1.1763812,0.97769916,-0.32351136,0.3373161,1.4324872,0.94804764,0.09200229,0.6622703,-0.3881615
83,-0.7817245,-0.43062013,0.54825807,-0.69119817,-0.7321613,-0.21582878,0.5353301,-0.08199186,-0.4170208,0.21343458
84,1.1213756,0.4830761,1.1995358,0.7380297,-0.47888112,1.5020087,1.1903722,1.5463667,-0.43928564,0.54513216
85,-0.3545226,-0.4238922,-1.4543178,-1.1244719,0.06437074,-2.0069003,-1.4388578,-1.3031144,-0.911141,-0.37023136
86,0.45657063,-0.7618441,0.75852525,-0.34438232,1.1595007,0.043243553,0.7542355,0.39051533,-2.3071165,0.5545643
87,-0.9605073,-0.9288346,0.8742677,-1.1565409,0.011397848,0.6611287,0.8608623,-0.92734665,-0.6947938,-1.6025314
88,-1.14538,-0.039442096,0.2585644,-0.45632908,-1.111211,-0.7756815,0.2548195,-0.07923463,-0.7814399,-0.5662612
89,-0.23880866,-0.45249823,0.29353744,-0.53570473,-0.47509027,-0.6648966,0.27788097,-1.1442696,-0.6802491,-0.54744446
90,0.31244093,-0.9457382,0.771802,-0.8164861,1.9904203,-0.7952574,0.7531522,0.3158247,-1.507793,0.68310225
91,-0.5538775,-0.97367656,-0.23153198,-0.5983163,-0.8867941,0.15328541,-0.2417898,-0.2678483,0.92341506,-1.4094149
92,-1.4164436,-0.34825727,0.31465954,-0.8183273,-0.48786408,-0.8720896,0.30005765,-1.4971843,-1.5661101,-0.7141229
93,0.46005502,-0.98024833,1.6096156,0.707445,0.65652597,0.22908658,1.6910671,0.66276497,0.13670343,0.7429987
94,1.8269476,0.75105757,0.6132971,0.748464,-1.0232322,0.5661982,0.5900341,0.6362299,1.116154,2.2936172
95,1.1463425,0.66630113,-0.19186094,0.6615519,-0.25877678,1.355261,-0.21667047,0.81687295,2.4493988,-0.84066755
96,-1.7361546,-1.2533224,-0.069502994,-1.6877702,0.7979546,-2.0100696,-0.06882932,-0.40248471,-1.6442997,-0.05378031
97,0.50879717,-0.16593915,-0.0856433,0.19767714,-0.17442873,-0.0885222,-0.09140961,-0.2519096,0.25740278,-0.8398666
98,-0.8343649,-0.26408,0.23161423,-0.91404885,-0.9721283,-1.4118259,0.24093425,-0.45181245,-0.09040886,-0.010378344
99,-0.43085665,0.04140062,-1.5733482,-0.22720203,-0.047888428,-1.4006305,-1.5514984,-0.64675015,0.06709169,-0.7201203
100,-0.46602726,-0.49594766,-0.18732777,0.3936807,0.628368,-0.24500942,-0.20339534,-0.19286758,-0.646039,-0.5051328
101,-1.3958523,-1.6387994,-1.896281,-0.9713614,0.5127866,-0.85352445,-1.8666974,-1.9566414,-1.3712578,-0.5264794
102,-0.7985596,-0.9835817,-0.47560596,-0.5771334,-0.8255595,-0.06265225,-0.484385,-0.52633154,-0.01410578,0.021273602
103,-2.198394,-1.770833,-1.1339992,-1.2974458,-0.8871369,-1.3507373,-1.1082476,-1.4440203,-1.176111,-1.4964687
104,-1.1073217,-1.2014716,0.8686571,-0.24433903,0.8680297,-0.27745938,0.82967913,-1.1965792,-0.18789777,0.08411953
105,0.6006141,0.41399375,1.0758697,0.6740676,0.13232276,0.18139058,1.0373774,0.85776114,-1.0378927,0.34831244
106,0.94697165,1.0766006,-1.9436563,0.5190667,-1.5222195,0.6889312,-1.9247768,-0.7773818,2.3783317,-0.6957482
107,-0.62865776,-0.9803057,-0.1433382,0.3225584,0.3469168,-0.48707247,-0.17628852,-0.16248387,-0.8595216,-1.3949726
108,-0.8423219,0.033615325,-0.16190255,-0.7763599,-0.805307,0.2360312,-0.17579046,-0.45916557,-1.1096342,0.06370096
109,0.38549232,0.5411686,0.7482796,0.1707616,0.60253984,-0.45057607,0.70509213,0.16036642,-0.979354,0.9288318
110,0.9102285,0.45740777,-0.72521555,0.9746449,-0.4367771,0.72386384,-0.71949345,-0.6724458,1.182934,-0.47691154
111,0.28821325,-0.10966058,1.5611391,0.6116265,1.2021003,-0.41781718,1.5476882,0.80481577,0.08563928,1.2858713
112,1.0228894,0.54823047,0.44483423,-0.11510688,-0.26751137,0.35226804,0.40252796,0.7334846,0.8644452,1.2781903
113,0.12860315,-0.17214957,-0.33754978,0.44279563,0.18971132,-0.41982102,-0.3401913,-0.12645674,-0.055516817,-0.47869307
114,-0.2152642,-0.8413965,-0.8834193,-0.6399596,-0.81743,-0.19591798,-0.85699433,-1.7409666,-0.20322987,0.0015717701
115,1.2927408,0.38559467,-1.5129137,0.84017575,-0.35807964,1.4399031,-1.4895121,-0.020610701,0.8599225,-0.13574994
116,-0.36234674,-0.112542376,-0.58054525,-0.31709605,0.37352347,-1.2614443,-0.57989657,-0.3149929,0.30206394,-1.0088061
117,-0.1551671,-0.46519274,-1.7177471,-0.7569778,-0.7969655,0.07191109,-1.7099485,-0.6380863,-0.17664938,-0.60521984
118,-0.01735482,-0.27997774,0.6686686,-0.67947346,2.8599257,0.8285473,0.63455904,-0.41317418,0.5779382,-0.576917
119,-0.53293854,-1.0258708,-2.1973631,-0.16720605,-1.6889849,0.28060448,-2.186153,-0.7170607,0.9569329,-1.6778278
120,0.8293778,0.32762548,0.44224793,1.1561788,0.28930092,0.60794044,0.45705026,0.5761808,0.10710861,0.8614591
121,0.1360164,-0.023969293,0.0054753097,0.28148836,-1.1169305,1.4484704,-0.0023356734,0.49305686,1.010628,0.12661383
122,-0.49032745,-0.9992138,0.42705238,-1.0108807,-0.13029711,-1.2334044,0.41954738,-0.6879982,-0.43266422,0.8848638
123,-0.07739124,-0.37635684,0.028961152,0.5439069,-0.24442883,0.77363235,0.022442283,0.20698662,0.1969334,-1.3911948
124,-0.50478256,-0.8634964,-1.3889312,-1.1020184,0.11626536,-1.1837617,-1.3741382,-0.7824279,-0.85613513,-0.9769547
125,-2.0549452,-1.8066909,-2.2609382,-2.0038543,-0.18065259,-1.9489015,-2.2307205,-1.6244475,-0.7828946,-0.49374476
126,1.2993107,1.1759219,0.06522164,-0.35372823,0.3974588,0.93153346,0.061497666,0.6357315,0.50252163,0.34235764
127,-1.5057026,-1.3330753,0.8162082,-0.2978425,2.340747,-1.53183,0.8078339,0.2537668,-1.3357651,0.15180573
128,0.53737164,0.49344397,-1.0794675,0.9127872,-1.2831571,-0.7765534,-1.0779644,-0.49961102,1.3496621,-0.88810664
129,-0.1851245,-0.6925584,-0.1443158,-0.6967181,1.8518147,0.43676668,-0.14511564,-0.3726762,-1.117611,0.20471808
130,1.4207277,1.571311,1.5669894,2.5113459,1.4440118,1.8202543,1.6125865,1.1023704,0.41710472,0.45223045
131,2.383878,1.5956078,0.88328123,1.9677624,3.0949497,1.8301094,0.8422712,2.431521,1.0894082,0.28700393
132,1.4850508,1.4659367,0.7090577,2.294541,-0.88299906,1.1916804,0.6857859,1.9953873,1.7227314,0.22102034
133,0.20486116,1.1024799,-1.2539185,1.666074,-0.5403856,0.33920324,-1.2226465,-0.68502754,0.36686435,-1.4970531
134,-0.9366002,-1.9776354,0.017223936,-0.97202605,1.6931226,-0.72663224,-0.020975264,-0.4833867,0.19427945,0.38047767
135,-0.64827657,-0.13173985,-1.7048279,0.27756858,-1.2812068,1.0519174,-1.7007908,0.43583217,0.5402831,-0.2440986
136,0.6072418,-0.43805578,-0.34678382,-0.045894608,0.8618473,0.40695024,-0.34859276,-0.087259196,0.7856538,0.4643301
137,-0.057683688,-0.43349865,0.22337043,-1.0051477,0.7066494,-0.28461567,0.20240816,-0.2499164,-1.5418291,0.81857806
138,1.7706149,0.25178093,0.56768,1.6140091,0.19031581,0.44780624,0.5810356,0.031236228,0.8094034,1.5412076
139,-0.055432655,-0.64417356,0.2413393,0.29959303,1.8718977,-1.2892835,0.22001259,-0.2989567,-1.4386358,-0.4614542
140,-1.1119702,-0.3476345,0.9076086,-0.93512833,-0.09622814,0.58911914,0.89132696,0.82009995,0.35008347,-0.15567398
141,0.30117732,0.39336607,-1.0785232,-0.035070606,-0.3400584,-0.89493775,-1.075098,-0.6376835,-0.6495427,-1.42472
142,-1.1964355,-0.71482724,-1.9181716,-0.8474189,-0.92569995,-0.2638272,-1.8808163,-0.21456641,0.59720683,-0.8726562
143,0.99023235,1.0051333,0.7905767,0.94841427,-0.93765855,0.19017294,0.74781966,1.0398808,0.7468458,1.1884251
144,-0.13392037,-0.36789298,-0.18796739,0.0072124046,0.48631155,0.2226159,-0.17229107,0.9828867,-0.4640342,-0.42738807
145,0.8336379,1.294842,0.8751276,0.5370733,0.039483428,1.1417518,0.83684766,0.6524708,1.7890656,2.2972727
146,0.050787266,0.9551711,-0.09597135,0.37039256,-0.59763616,1.9313862,-0.05611111,0.34881732,0.378428,-0.42366755
147,0.2214629,0.3544144,-0.16044597,-0.5146661,-0.3765499,0.1922972,-0.18091664,-1.0906305,0.03360149,0.1730347
148,1.3431942,1.2629383,-0.23943505,1.4303281,-0.104839206,1.2889365,-0.23200291,1.3926802,0.80699843,0.41977873
149,-1.6035565,-1.3661661,-1.6557231,-1.3199186,0.037107643,-2.1485848,-1.633656,-1.8875356,-0.14621101,-0.238942
150,1.6273875,1.4303248,-0.21595898,-0.18043661,-0.48801968,1.1047435,-0.22334081,0.19449249,1.19959,-0.41989997
151,-1.1920241,-0.5216575,0.15596181,-1.2436097,0.58801657,-1.4623101,0.1375574,-1.1915334,-0.72789353,0.3756515
152,-0.9782162,0.14985585,-0.12313856,-0.71178436,-0.21860737,0.082151785,-0.12960348,-0.71966666,-1.4418068,-1.0506271
153,0.045144532,0.4130271,-0.7879939,-0.6506294,-0.4559574,-0.068507746,-0.7830379,-0.8667842,-0.6055357,0.82094455
154,1.8994026,0.7176527,0.62310517,1.0843658,-0.31445807,1.5655801,0.5983114,1.8897129,2.125865,0.5578094
155,1.0943967,0.41376463,0.70294726,0.37941435,-0.82217866,0.35025173,0.6737386,1.4881237,0.3663266,0.6439675
156,1.0422349,0.55013895,-0.47518,0.8068665,-1.3291472,0.12924802,-0.46444693,0.6379055,1.7045254,0.7930419
157,0.25900197,-0.019706383,0.12623566,0.27199668,0.47102454,-0.70448947,0.122510165,0.55542976,0.31924963,1.1803081
158,-0.7510805,-0.57396734,-0.095800035,-0.23391831,-0.005486102,-0.41993114,-0.08903439,-0.3922851,0.79865134,0.05804321
159,-0.2600458,-0.60074437,-0.39096403,-0.23618013,0.8361076,0.32726884,-0.3925764,0.44414318,0.06250524,-0.36882827
160,1.6313846,0.08715497,0.36064798,-0.4098547,-1.3580368,0.31675005,0.3557331,-0.49003905,-1.0577033,-0.54274845
161,0.50042933,-0.22888139,-1.6694405,0.04990907,-0.41390556,-0.17394838,-1.6371329,-0.74391687,1.2656834,-1.3976896
162,0.93882686,2.0290587,0.5389569,0.7910516,-0.452508,1.2150917,0.51955885,1.148158,1.419785,1.9944732
163,-0.520164,-0.929525,0.19623026,0.12552798,1.8437088,-1.4701791,0.19415617,0.6755545,-1.8169837,0.60157406
164,0.6565968,-0.20884332,-1.3870474,1.0108973,-0.23953164,-0.59866655,-1.3700701,0.7194125,-0.039036278,-1.3397045
165,-0.8247713,-1.1361239,-1.1711528,-0.43841848,-0.3920815,-0.07602315,-1.1808374,-1.1273993,-0.83557224,-1.4173915
166,-1.3435674,-1.4115438,-0.34655252,-1.3461938,0.1155394,-0.51525664,-0.33519897,-0.26423067,-0.5303627,-1.6391052
167,-0.32076165,-0.4352513,1.6303451,0.0017646684,2.6686935,-0.73745865,1.8713846,0.1876385,-1.6306915,0.20862323
168,-0.0007075511,-0.3811785,0.30244341,-1.0260359,-0.100150846,0.4735499,0.30154163,-0.5587354,-0.47599137,-0.058180198
169,0.23990637,0.055325028,-2.596157,0.09999478,-0.6943529,-0.0629275,-2.5644736,-0.4263768,-0.14300153,-1.6405947
170,-0.28648645,1.2052708,0.71912044,0.81932807,-0.48203826,-0.06763094,0.6849702,0.5879537,-0.28149748,-0.5556112
171,-0.30577958,-0.40841746,-0.32020366,0.0072703166,-0.6853062,1.1053195,-0.31792337,0.069930986,0.13875358,-0.69447935
172,-0.04834325,-0.39679927,-0.24869832,0.42849118,-0.16440538,0.2842129,-0.2495457,-0.9896992,-0.96571743,-1.6071324
173,-1.0924089,-0.6092089,0.6371037,-0.58209544,1.4279658,-1.104028,0.62107253,0.5296097,-0.7776959,-0.320562
174,-0.7052634,0.64072424,1.5056152,0.88574064,2.6016765,0.18269953,1.4356134,-0.7019545,-1.2888902,0.86730283
175,-0.44336784,-0.8187543,0.99180824,0.28331655,-0.65244454,0.16107506,0.99755484,0.16590187,0.3813125,0.6016016
176,0.9371805,1.5745361,1.4401357,1.204908,2.5780277,1.1610051,1.4374762,1.6070299,1.0546241,2.077323
177,0.26283592,0.46641713,-0.020887315,0.3680018,-0.39245117,-1.5918071,-0.017445488,0.27277374,-0.5229871,1.281768
178,1.1719868,-0.14591476,0.5824145,0.91137075,-0.53429055,1.261876,0.5656072,1.2241092,1.4682043,0.8060124
179,-0.77161515,-0.9645627,0.89679,-0.9096775,0.52587974,-1.3815737,0.91025126,-0.50245345,-0.6922466,-0.17283414
180,0.15739736,0.41392308,0.24915701,0.5852823,-0.17634872,-0.71529806,0.2351845,0.11684464,-0.54007924,1.5277318
181,0.51677644,0.76969594,1.5298157,1.2736971,1.5720956,1.0448141,1.54792,1.2126219,0.5724286,-0.4309854
182,0.16348186,0.32762557,-1.2249912,-0.16020903,-0.11957083,-0.33470455,-1.1918259,0.08379315,0.061209343,0.18658154
183,0.68615615,0.9420004,1.0519042,0.92135936,-0.388479,1.2730603,1.0264673,1.3636904,0.31494272,1.6945348
184,-0.9850869,-0.057925098,1.5701158,0.5792446,2.625712,-0.6291345,1.6939971,1.539186,0.29812092,0.27554053
185,1.8193779,1.3471982,-0.03751123,0.7742797,-1.0103049,0.16548741,-0.038991544,0.055764947,0.011921444,1.9054408
186,-0.2541294,-0.4940197,0.107341826,-0.5832839,0.10172363,0.53038037,0.1246866,0.5592206,0.30534533,-0.22955695
187,0.84695774,0.3517933,1.4408739,1.2129252,-0.0004342629,0.5300771,1.3865744,1.5572293,0.015630044,1.1677552
188,-0.8377203,-0.15269196,-1.6099501,-1.2812965,-0.3992799,-1.3315108,-1.594696,-1.3182751,0.07243347,-1.4702493
189,-1.3458834,-1.4876207,-0.2530845,-1.5122387,-0.4651963,-1.4279027,-0.24604659,-1.4431583,-1.0638583,-0.5576136
190,-1.4567804,-1.3671908,-2.0652184,-0.56012404,0.21105793,-1.2727566,-2.0485387,-1.845952,-1.1572697,-0.6108006
191,1.1496474,0.002833453,1.5293213,1.007178,-1.4774998,1.6991684,1.5348828,1.2438571,1.6519165,-0.35569435
192,2.8270268,1.035114,1.470304,0.66733575,2.8037477,0.4414267,1.4856443,2.50826,1.1540743,2.2114208
193,0.06121526,0.8121692,1.4845532,0.5382829,2.143994,0.8298831,1.3866946,1.8046346,1.7463093,-0.30209458
194,1.2461538,0.07993232,0.23167291,0.06222724,-0.14168252,0.1637398,0.21922807,-0.7549869,1.1211882,1.0404875
195,-0.10176636,-0.91458714,-0.024937134,-0.7579006,1.3140149,-0.48125106,-0.042280253,0.14169355,-0.72393143,0.58565533
196,1.2491786,0.86052287,1.53365,1.5606813,-0.7017,1.4759692,1.541122,1.3179328,0.36656696,0.40863925
197,-0.36401898,-0.28873616,-2.0946589,-1.0881287,0.16901736,-0.645647,-2.0693765,-0.49502924,-1.1171044,-1.4666657
198,0.8265883,1.1302503,1.2933545,1.0127587,-0.44350016,1.0372663,1.2711401,1.5759261,0.76779133,2.085824
199,-2.0845623,-1.5228181,-1.5210445,-1.3653519,-0.3789801,-1.6287682,-1.4763061,-1.5034688,-0.53629804,-0.36142427
200,0.02424345,-0.10418762,0.32308525,-0.40531197,-0.5717997,-0.2464661,0.29460225,0.42421502,-0.6216963,0.5946297
201,-1.6560727,-1.0420641,-1.8862293,-1.868321,-0.43818474,-2.1196883,-1.8585286,-1.5922227,-0.2853933,-1.63141
202,1.711904,0.7866086,0.72524095,0.7552619,-1.17521,2.434313,0.7219707,0.73010516,1.9084716,2.368321
203,1.2291641,1.5309575,-0.15624827,0.8179115,-0.22672498,0.29721662,-0.112054825,0.9103422,0.9982905,1.732347
204,2.581297,2.6175299,1.4076009,0.57494324,1.1800075,1.1519647,1.5213734,0.73858154,-0.19164845,0.30245674
205,-1.0501844,-1.738547,0.25491744,-1.624445,0.88311434,-0.5720644,0.24785922,-1.6526101,-0.66514945,0.37768728
206,1.9478496,0.9381151,1.2348505,1.4924595,-0.48997962,0.70423293,1.1872681,1.0689998,0.5199814,2.102905
207,1.5088239,0.79750544,0.13144755,0.93306,-0.10182083,0.024730396,0.17029008,1.9424546,-0.17229667,1.8282886
208,0.9225544,1.5268736,0.5452508,1.3142612,-0.39232534,1.7933782,0.49040103,1.6955876,1.0048823,-0.6077605
209,-1.3287655,-0.9042665,-0.50788176,-1.4696212,0.03928934,-0.4763228,-0.502658,-0.37201306,-1.0244353,0.58626425
210,-0.7630274,-1.0936642,0.4983526,0.90407544,1.7996199,-0.26446065,0.47351688,1.0194831,-0.78964454,0.55364656
211,0.4010044,0.486719,-0.6238077,0.51210934,-0.40253526,0.37662226,-0.62624705,0.3629201,1.1898513,0.7194606
212,-0.06467265,-0.2538203,0.3459077,0.10630183,-0.7781507,-1.1073512,0.33386,0.3106115,-0.37893486,-0.6742022
213,-0.62466335,-0.41914177,1.3288122,-0.962855,2.2796524,-0.59648365,1.2732718,0.97288215,-0.61144704,-1.2382795
214,0.151171,-0.024325859,1.2083119,0.30825633,1.2505949,-0.11339201,1.131247,-0.3006122,0.042945817,-0.15915933
215,-0.22481447,-0.06919855,-0.47123682,-0.117694035,-0.06949376,-0.3547092,-0.4704607,-0.80830073,1.1329122,1.0621767
216,0.96956336,2.3581736,1.5790559,1.9277163,2.0326633,1.6620522,1.7583799,1.5554881,1.3405449,-0.3607319
217,1.7349918,2.22322,1.6409196,0.69785666,2.4752567,1.2152653,2.0407784,1.3275292,1.6328669,0.6618422
218,0.26691672,-0.4811539,0.7582584,-0.54741025,1.1319671,0.42458576,0.7245586,1.5769082,0.121582575,-0.5513191
219,-1.6129279,-2.3047853,-0.83473855,-1.7540225,-0.47147635,-2.0492125,-0.8414383,-1.4290727,-1.0354203,0.2248514
220,1.2879295,1.468687,0.7609323,-0.43419424,-0.8405596,1.7636182,0.6903589,0.07269892,1.3852708,-1.2660788
221,-0.51696974,-0.36778343,-0.91152173,-0.4554047,-0.27079162,0.18828444,-0.9060029,-0.778398,1.3188481,-1.0180501
222,-0.6396191,-1.7508152,0.83381844,-0.2937681,1.1385665,0.17345083,0.81334853,0.24969393,0.010828475,0.45638466
223,0.5718541,-0.49460387,0.7327221,0.030339304,1.4931521,0.2373196,0.6739875,0.15919967,0.25371847,0.6587719
224,0.5255062,-0.006081983,0.82500046,0.61874413,2.208023,0.7792083,0.8134315,0.19232821,1.1703765,0.90979886
225,-1.1934086,-0.1124099,0.5601664,-0.8273035,-0.39503556,-0.30598313,0.593874,0.38476902,-0.054247476,-0.5182106
226,-0.23406376,-1.1868482,0.9716972,-0.23884499,-0.39266747,-0.80329657,0.9229666,-1.3803906,-0.9735047,-1.557836
227,1.6957935,0.8638599,0.4660676,0.9452089,1.7419119,1.3916361,0.4791568,1.136838,0.48166943,-0.9867611
228,0.04494306,-0.8287352,0.87749946,-0.58097297,-0.8597555,-0.77475095,0.84200585,0.2085016,-0.6241554,-0.30712765
229,-0.73764575,-0.38316393,0.111823514,-1.0821037,-0.8929234,-0.13322774,0.095523804,-1.5379223,-0.7605618,-0.14906101
230,0.29927194,0.35755062,1.2485528,0.23353183,-1.1241946,0.12906264,1.2173793,1.4035552,-0.54916775,-0.98760116
231,-0.10151183,0.3445313,-1.9801649,-0.77813864,-1.3705719,0.15019417,-1.9509572,-0.51525855,-1.0734825,-1.6502335
232,-0.25493377,-0.34711868,-1.7383372,-0.5284842,-0.99152696,-0.4414335,-1.7185845,-0.582603,-0.42107552,-1.0237263
233,1.13348,1.8679619,0.64358324,1.589798,-0.64388335,0.86352,0.6295589,1.0284783,1.0969977,0.9024172
234,-1.55477,-0.32419482,-1.8411682,-1.7787298,0.4471333,-1.1892139,-1.8171567,-1.0847628,-0.5672792,-1.5763676
235,-1.1339941,-1.7541107,-0.9865396,-1.0424271,0.91602373,-1.6439185,-0.94552636,-0.7387628,-1.4442143,0.17549706
236,0.5844797,0.67611825,-0.84152067,1.4356642,0.31990194,1.7384773,-0.82364863,1.0338738,1.4904225,-0.55284643
237,0.05168634,-0.46697378,0.759274,0.93081975,0.22777584,0.2970973,0.7359812,0.041276664,-0.02792073,-0.02523708
238,1.529927,1.1234255,1.4153705,2.289196,0.7594904,0.9582199,1.3867042,1.353069,1.5095533,2.1890318
239,-0.37907264,-0.8029338,-1.389018,0.16961977,-0.42171094,-1.2982119,-1.3757708,-1.051254,-1.0364653,-0.9687318
240,1.7830195,2.1197147,0.8045641,1.9153826,-0.62495816,1.1692052,0.7689487,1.6157641,1.1857549,-0.16224965
241,-0.8742008,0.30775663,-1.7786756,0.6736028,-0.982544,-0.615175,-1.7514007,-0.074437395,0.061179426,0.061605528
242,-1.159955,-0.31746015,0.2070871,0.2159077,-0.33465478,0.18842193,0.1697872,-0.35516918,-0.029895637,-0.46341884
243,-0.51199985,0.9888741,0.21042603,-0.02424638,0.26863518,-0.036378022,0.15708864,0.49693337,0.42050308,-0.9723908
244,1.0383694,1.1615784,0.44161552,0.66333187,-0.21034509,0.47061124,0.4090129,0.6602421,0.55657506,-0.17185324
245,1.4466066,0.8042465,0.24106035,1.0238543,-1.3496118,0.81252426,0.23052883,0.7180434,1.9343162,1.0358624
246,-1.1261637,-0.62404954,-1.4707292,-0.27277827,-0.99516046,-0.5227666,-1.4562362,-1.2983035,-0.49495637,-1.6869909
247,0.3040831,-0.5785969,1.2638535,-0.2567461,0.1941507,0.043021187,1.2158349,1.2243853,-0.49505773,1.1795595
248,-0.49527562,-0.89150274,0.41452342,-1.0762624,0.18140107,0.04786899,0.40627944,-0.43618143,-0.725405,0.7175805
249,0.96826607,1.9310455,0.60769594,0.7679045,-0.38560474,0.4080183,0.5858583,-0.30055428,1.1618478,1.8335491
250,1.0486722,1.8855042,0.56567967,2.1566634,-0.49641562,0.35368627,0.5529507,1.3285117,0.088866994,1.9964278
251,-1.4441028,-2.273947,-0.050951976,-1.2643573,-0.24981673,-1.9460377,-0.039368533,-0.7266503,-0.2903645,-0.09676811
252,-1.361402,-0.030433048,0.18632218,0.078089125,0.31446314,-0.3592676,0.15742345,-0.9001149,-0.24508432,-0.7069235
253,2.3287935,2.4205852,0.41894323,1.8182156,1.9791243,2.381528,0.41642445,3.1118011,1.5601772,0.70118386
254,0.27285963,-0.2685882,0.37283376,0.82635856,1.9807203,0.55660963,0.38519314,-0.949556,-0.70853597,0.32840294
255,-1.3935004,-1.5630186,-0.81564057,-1.1788573,-1.1445439,-0.5496441,-0.79511166,-1.9200668,-0.98703974,0.29315865
256,0.5751306,0.57698345,1.3050045,0.275828,0.45352143,1.2826693,1.3198587,-0.118769124,0.8638784,-0.6672362
257,1.710045,1.352183,1.1919224,2.5443573,-0.04892458,1.0783117,1.1756761,1.3499436,1.6709752,2.4953096
258,1.4521899,0.92414653,0.4986996,1.805346,-0.40722555,0.7848495,0.4843261,1.3881617,0.8416749,0.62725127
259,0.65337884,0.37527966,0.29176855,0.9759495,0.13518529,-0.054519705,0.29228538,0.25014558,0.3854244,-0.69570816
260,-1.2391088,-0.57338274,-1.5684867,0.2679635,-0.50985134,-0.31538832,-1.5585382,-0.47536996,-0.30720183,-1.5949949
261,0.14535925,1.352236,1.5173467,-0.067768,1.5385691,2.10084,1.5863414,1.5228179,1.5746338,-1.2024765
262,-0.54305404,-0.7687967,-0.711543,0.051144272,0.60259193,0.64764905,-0.68469965,-0.8319275,0.34327516,-1.056667
263,-0.18729478,0.90885437,0.7754264,1.565643,-0.92833686,0.48836446,0.74528384,2.7954504,-0.18229043,0.7235081
264,-1.5644181,-0.38518858,-0.4609694,-0.4075869,-0.6565884,-0.6372676,-0.44885567,-0.7551141,0.19875474,-1.4866157
265,0.107602835,0.75644505,1.1297567,-0.46392885,1.7382914,-0.40830868,1.1224892,0.43594164,-0.5036912,-0.08983296
266,1.3873577,1.263572,1.1643407,1.2896385,2.315721,1.4317741,1.1069691,1.531995,1.2279615,-0.05922813
267,0.6503959,0.79231966,0.93241227,1.3718543,0.6164461,1.5484052,0.9147042,0.5498187,1.1956103,-0.050479367
268,-1.6203442,-1.028852,-0.42535573,-1.2615061,-0.3927505,-1.6118963,-0.38189343,-0.42813468,-1.1792195,-0.3316935
269,0.09284644,-0.14698067,0.6261463,-0.029494464,1.4157155,0.89162475,0.58980703,0.76970154,-0.46160185,0.8139082
270,-0.7098906,-0.24446905,0.5432098,-1.019758,2.1757498,-0.22411422,0.5193945,-0.08358325,0.631013,0.61197084
271,0.23310229,-0.301359,-0.5327554,0.40284252,0.5808334,0.5293391,-0.49254084,1.4560088,-0.051857855,-0.29762715
272,0.43706155,0.33775994,0.5497594,1.288819,-1.6508169,-0.36415845,0.5150254,0.14445291,0.44270617,0.030990016
273,1.4381816,0.8661971,1.2575638,1.4483408,0.40132385,1.2780157,1.2218196,0.8607788,-0.031515643,2.516901
274,1.1662543,1.478148,1.1462197,1.8295217,-0.7133691,0.15549892,1.117399,0.10293359,0.25482836,1.5056372
275,0.22930977,0.22791499,0.6482668,1.3572835,1.4987583,1.0115402,0.5927987,0.43496484,0.92350847,-0.45241007
276,1.2246387,1.1045703,1.6366866,1.0878032,0.17571573,0.4467828,2.0415149,1.7973769,-0.2015197,1.6322286
277,0.765525,0.6586348,-0.9442111,0.91079605,-0.81969273,-1.0803057,-0.9029163,-0.36132348,0.12391575,0.37604988
278,-2.1272569,-1.6793582,-1.8984637,-1.2174602,-1.1327757,-0.16033936,-1.8872039,-1.8596857,-0.37459117,-1.664901
279,1.7062458,1.0166235,0.42457765,1.3903625,-0.4387408,0.79206616,0.4745566,1.6798,1.3656855,0.2882399
280,1.2783738,0.56029856,0.49638325,1.7036036,0.45662385,1.0151696,0.47772777,0.094038576,1.7801586,0.679982
281,-0.2147192,0.14519845,-2.21352,-0.5444933,-0.14757505,-0.049460568,-2.1890297,-1.4034294,1.6010911,-0.84461474
282,-0.16135553,0.45045072,-1.4186542,-0.28027308,-0.5528021,0.7229491,-1.4116399,-0.6234752,1.3650973,-1.3193645
283,-0.26363134,-0.11664807,-0.043695517,-0.044098854,0.05426977,0.77059865,-0.020886084,-0.8873459,-1.2838871,0.14247271
284,-0.98901004,-1.5586503,-0.17200576,-1.4068127,0.03811618,-1.5566914,-0.16004388,-1.2809349,-0.9297365,0.09273363
285,0.39249495,0.1892391,-0.85587037,1.6796471,0.30057812,0.80776423,-0.85201466,0.06639811,0.32634583,-1.2631577
286,-1.3752161,-1.4773287,-1.3727255,-1.6765921,-1.6682931,-1.7166198,-1.3569839,-0.6226304,-1.6439602,-0.60016245
287,0.3382175,-0.2708693,-2.0320454,0.5433799,-1.3728616,-0.43709034,-2.0053396,-0.642192,1.6986393,-1.2256094
288,2.3631668,2.63849,0.55660033,2.744032,1.9925683,1.6462364,0.50416803,1.7748662,1.5764151,0.9414234
289,-1.225096,-1.1561208,-1.7709154,-1.1467241,0.22635576,-0.9886662,-1.762612,-1.2877381,0.13500164,-1.2737272
290,-1.3519759,-1.5190821,-0.50094175,-0.8463217,-0.30331722,-0.90772593,-0.52352476,-0.9045061,-0.48391,0.532804
291,-0.8152964,0.17955402,0.15322217,0.048915163,-0.8422833,-0.31273198,0.13346374,-0.38587594,-1.6631293,0.9710028
292,0.92802984,0.0978832,0.13964736,-0.17464584,0.7101953,-0.14143033,0.15052116,1.297683,0.09986196,1.421673
293,-0.7948524,0.33553183,-0.21244693,-1.1596425,0.050753072,-1.0661669,-0.22217183,-0.21917158,-0.5198816,0.3438321
294,1.1353754,0.7913898,-0.10803881,1.1806211,-0.04937649,1.1223114,-0.13072371,0.396393,1.5421264,0.0069921487
295,-1.4620128,-0.35360637,-1.5862095,-0.79074824,-0.996431,-1.6648695,-1.562679,-0.9981746,-0.75814676,-1.3262088
296,-1.5879133,-1.3234718,-1.0592418,-1.8343241,-0.4782517,0.25250545,-1.0605602,-1.647438,-0.7072288,0.037720315
297,-0.9518953,-0.017196005,-1.0793592,-0.29388052,0.121193714,-0.4839651,-1.076804,-1.0207627,-0.39478213,0.16524935
298,0.35005456,-0.10173686,-1.1583897,-0.9737046,-0.36737975,0.2402372,-1.1425605,-0.054823987,1.0355504,-1.265792
299,0.7015821,0.06711919,1.4222107,0.7473168,2.7332923,0.40246508,1.3896406,0.58896905,-0.62928784,0.5489728
300,-0.81582373,-1.528169,-0.93977594,-1.6473243,-0.9624249,-1.6031737,-0.9180431,-0.18736494,-1.247441,-0.41449794
301,0.43638134,0.4567399,-1.5891626,0.5603092,-0.72884357,1.1624422,-1.5762255,0.08822068,0.2723901,-1.4565841
302,1.0382581,1.4457893,1.6258669,0.5257913,1.8929234,0.7099414,1.8032382,0.56556106,0.17634402,0.99422175
303,-0.21263017,-0.34477678,0.6113205,-0.25603336,1.9022746,-0.22656281,0.6034486,0.101778716,-0.4499085,0.56667465
304,0.5962552,1.1813076,0.44111562,-0.2220661,0.15025686,0.80139494,0.43587905,0.77768475,0.50112677,0.588928
305,0.52181274,0.70457846,0.91713977,1.2275105,2.1260092,0.95282364,0.8547181,0.8569096,1.4450262,-0.7915428
306,0.4132299,-0.5232788,0.81833357,0.7697689,-1.4397013,-0.026079074,0.7843933,0.37217575,-0.77930033,0.90527904
307,-0.26700306,-1.4743421,1.0878105,-0.7287129,1.3686051,-0.4581082,1.0303857,0.36633888,0.4331596,0.790434
308,1.2770193,1.9728072,0.8465998,0.4693159,-0.14732105,1.2660222,0.8026612,1.939008,1.0657814,-0.29931533
309,0.25712806,1.0236218,1.4337835,-0.25473872,-0.9602761,-0.61036485,1.4870937,0.4918474,-0.719491,2.3314068
310,-0.12628695,0.65808165,-0.7800914,-0.5911685,-0.108428635,0.39697778,-0.7812338,0.56808656,-0.19256637,-1.2939043
311,0.7431728,-0.62230825,0.56550646,0.66134065,-0.08639215,0.94054747,0.5974897,-0.23641661,0.107767954,-0.30124336
312,0.15319946,-0.8545587,-1.2864761,0.11629546,-0.5880687,-0.093153,-1.2800525,-0.9408481,-0.6463902,0.07923809
313,0.13469699,-0.3400254,-1.8698097,-0.48221928,-1.0584978,-0.5811871,-1.8510044,-0.82060504,-0.71866345,-1.5069714
314,1.0467745,-0.6203257,-0.24644968,1.4053977,0.34861243,-0.38003963,-0.24202529,0.22699091,0.80022013,0.8738731
315,0.0040139155,0.38199842,-1.8998401,-0.3131323,-0.3594288,0.5704118,-1.860759,0.88895416,1.8207783,-0.6096554
316,-1.9010755,-1.2634854,-0.57335675,-1.0764961,-0.922691,-0.9185213,-0.5708904,-0.8795215,-0.64992857,-1.189396
317,-1.2942874,-0.7907227,-1.9572644,-0.9343139,-0.05610101,-1.8221719,-1.9621174,-1.5502563,-1.7313921,-0.86531055
318,-0.3045543,-1.1309042,-1.2805936,-0.5844652,-0.8803811,-0.6366524,-1.2491128,0.32232708,0.9333743,-0.06736185
319,-0.748121,0.069990546,0.09514059,0.6447909,-0.6112137,-0.59640694,0.096496046,0.7067754,-0.48892456,-0.27499223
320,-0.73971903,-1.3751025,-0.26708004,-1.2748294,0.3510783,-0.9521501,-0.26448166,-0.42750743,-1.2041911,-0.009697415
321,0.7807113,0.63515514,0.87384206,-0.43911207,0.99511194,0.2436603,0.8490461,0.22691129,-0.39240876,0.7260108
322,1.0647521,2.4740355,0.47874996,1.214053,0.11001315,1.2250774,0.45277706,1.2246509,0.7123291,-0.5159695
323,0.3370039,1.2654998,0.62216866,1.2575909,-0.30866128,0.024197735,0.59816843,0.78976655,0.80351925,1.6049397
324,1.2479305,0.4994861,1.0145969,1.6627365,-1.2727715,0.130551,0.959262,0.8291514,0.28483036,1.7445788
325,-0.9072955,-2.2970815,0.015030678,-0.8678378,-0.31962907,-1.366966,0.008766828,-1.288323,-1.1635667,0.24123667
326,-0.97504973,0.65143394,0.7849038,-0.84764034,-1.1184461,-0.52685463,0.73741806,-0.5139761,-0.8572118,1.0094925
327,-0.4376376,-0.4336117,1.1207306,-0.24611174,-0.47447842,-1.0979886,1.1297956,0.78279305,-0.42710024,-0.53879493
328,-0.9115157,-1.0541327,-0.464423,-0.6910826,-0.090119414,-0.95510876,-0.43698385,-0.117220104,-0.002424953,-0.62173605
329,-0.6386273,0.88575923,0.53975755,0.3427837,2.1154613,2.3073435,0.5192797,0.019847702,0.65834004,-0.4081313
330,0.19222228,-0.0876966,-0.051153574,-0.19431198,-0.79258156,0.5653047,-0.053745292,-0.21647191,-0.79629,-0.18861282
331,-0.38704798,-0.68594164,-0.9012334,-1.0815893,-0.30082536,-0.5899713,-0.89819324,-0.8099214,-0.5129665,-1.1844642
332,-0.79082274,-0.19786601,-0.67641467,-0.25139046,0.31099555,-0.75386226,-0.66533756,-0.9547378,-0.42493188,0.13840526
333,-0.64414537,0.5465708,0.6695074,-0.7827074,2.8705215,-1.9473119,0.6353488,1.773559,-0.63542783,-0.32393554
334,0.7841637,1.0185691,0.7477267,1.4520069,-0.09077022,0.10912493,0.77157414,0.23214102,0.39515066,-0.3650817
335,-0.9194979,0.14831267,0.8733472,-0.5141139,2.1020007,-0.46504962,0.8432092,-0.34625307,-1.2306464,-1.486858
336,-0.10713101,0.49328005,-1.4327648,-0.8293446,-1.1729065,-0.4451233,-1.4177836,-0.9898168,1.1136141,-1.2619201
337,1.6282059,1.1057596,1.447614,1.401565,1.9732773,1.4464307,1.4020333,1.2255988,0.72771084,1.9101433
338,-1.4646448,-0.81281346,0.6543498,-0.6836369,-0.7597549,-0.92818093,0.6065478,-0.7846149,-0.224406,0.22953406
339,-0.76918375,-0.32486808,-0.8375063,-0.65733206,0.4638394,-0.12310766,-0.843938,-0.21503124,0.95287323,-0.70806354
340,0.6865574,0.28592145,0.77107584,0.9622475,1.3852756,0.6620529,0.7145717,0.41434145,0.059896357,0.2408804
341,0.12790902,-1.2435893,0.88857734,-0.43465835,2.113924,-0.15258622,0.8676876,-0.5284364,-0.5012319,0.09471827
342,-1.7026346,-1.418658,-2.808102,-0.6432574,-1.2194228,-1.2342455,-2.798545,-2.0176399,-1.127431,-2.0692282
343,1.5835807,-0.4585427,0.89236575,0.26004997,-0.7138572,1.0433781,0.85538876,-0.06633641,-0.5660955,1.2880559
344,-0.983552,-1.5218325,-1.3320537,-0.96910506,-1.0235978,1.2211282,-1.3025697,-0.8314297,-0.8511057,-1.4069108
345,-0.48618293,-0.08182045,-0.4624833,-0.53451014,0.056089364,0.5901712,-0.45313227,-0.6749433,-0.88167804,-0.1532156
346,-1.43213,-1.6453286,-1.8679471,-1.7956817,0.2663225,-2.2836556,-1.8363273,-1.8997552,-1.6559733,-1.6590085
347,-0.2232747,0.6878458,0.7919956,1.132059,0.17726707,0.06511915,0.76501834,0.83587873,0.43141046,0.003776601
348,0.5214515,0.40923542,-0.33044693,-0.5854869,1.0277107,0.23436847,-0.34440064,1.3380599,-0.27735895,-0.9966737
349,0.21299553,0.46205282,-1.8178089,-0.51664704,-0.62081665,-0.35444397,-1.8088353,-0.4618228,1.9948981,-1.2747098
350,-0.07228148,0.082578346,1.2454321,0.5914047,-1.2710961,0.87780714,1.2102515,1.0874898,0.12785713,1.2928387
351,0.18581785,0.35527658,-0.18877497,-0.30510554,-1.7245245,-0.45404458,-0.19104339,0.7554411,1.1804812,-1.305881
352,0.3067944,0.5301597,0.90614706,0.7771096,0.5114198,0.6177387,0.84530115,-0.48411113,0.9625704,0.95013154
353,0.46342573,1.0104399,0.2169345,1.0386639,0.6198115,1.7007447,0.20096973,0.4473106,-0.17270333,1.6141267
354,-0.10425605,1.1707134,1.1649172,1.3497515,1.1104912,-0.18978295,1.1237967,1.4694698,0.07558124,-1.0173068
355,0.82427657,-0.7586517,0.59470296,-0.20460382,-0.59573376,0.81594753,0.5643462,0.82284117,-0.7107016,1.1596863
356,0.87545073,0.4407935,-2.1054697,0.5007869,-1.5439355,0.7929771,-2.0962977,-0.31803194,1.61839,0.7161533
357,0.32378057,0.5890682,0.56515336,0.8452172,-0.5249963,0.3683281,0.5299196,0.39210415,0.48658982,-0.19502541
358,0.0066867433,-0.22688027,0.56982976,-1.0336639,0.29473698,-0.4540662,0.5661423,-0.08340421,-0.00048664847,0.000798968
359,0.59687406,0.16831082,-0.06140496,0.090230316,-0.20368081,-0.1284273,-0.06164955,-0.48770565,-0.15382226,-0.39115107
360,1.2613268,1.599446,0.5373592,1.8070686,1.7493774,1.0114576,0.48789248,1.246675,0.486798,1.5749528
361,0.85255986,0.4865151,0.78506124,0.5918746,-0.20818484,0.606462,0.7529997,1.310786,-0.44570038,1.3858161
362,-1.1257596,-1.5488172,0.58407176,-1.1566921,-0.5577246,-0.7923945,0.5640009,-0.124072365,-1.0740187,0.41752928
363,1.3275372,-0.05282638,0.62534916,0.4530576,-0.44552103,1.028995,0.59181476,0.081940085,0.00079292106,-0.9827666
364,-0.78450227,1.641959,1.3539445,-0.22573885,2.772332,0.8086535,1.318665,0.5600294,1.0105824,-0.023158457
365,1.3185772,1.1282969,0.23984616,1.2692568,-0.166284,0.8015021,0.23014393,-0.047376204,1.4867465,1.2539246
366,-0.49783146,-0.17507136,-0.18787003,-1.1579006,-0.6333748,-0.77230316,-0.19740628,-0.7208557,-0.33712736,-0.059868205
367,-0.8568878,-1.4916306,-1.4107933,-0.630732,-0.3222792,0.08161304,-1.3534641,-1.4928753,-0.76654375,-1.0083412
368,0.9598844,0.5591771,0.08291386,1.1863768,-0.5737627,1.2549094,0.04962198,0.40830308,1.9911894,0.23856935
369,0.34558532,1.1656461,0.6085397,0.99361545,0.059316203,1.6352438,0.6031151,1.3457358,1.9197698,1.5143236
370,-0.15673679,-1.6161675,-0.25207266,-0.31068665,0.4839367,-0.95288813,-0.24296007,-0.27829576,-0.39843446,0.15603362
371,-1.7880511,-1.2656984,0.5408527,-1.0400699,-0.055172473,-1.6903734,0.5621102,-0.39755714,-0.80329704,-0.76316273
372,-1.0132642,-1.2448469,0.73678887,-0.63386786,0.58208466,-0.676904,0.6929401,-1.3587172,-0.62882614,-0.6456609
373,1.1607649,0.41474646,-1.213073,1.6810739,-0.09286697,0.7720256,-1.195347,0.03381774,1.3180627,1.5020988
374,0.09477447,0.0061081396,0.789948,0.6921769,-0.3492322,0.96866065,0.76732826,0.41555938,0.035178445,1.8725879
375,-0.5607708,-1.5450004,-0.73460263,-1.7498374,-0.6409828,-1.522583,-0.7252058,-1.6854491,-1.6112608,-1.7455512
376,1.9538866,0.64704907,1.0327827,0.9436239,2.90738,-0.23367119,1.0124543,1.1364394,-0.77652955,1.0752649
377,-0.296005,-0.077144384,-0.1381482,-0.38213074,-0.78079545,-0.35973918,-0.13950807,-0.36109293,-0.17736658,-0.5892963
378,0.4566701,0.024486631,-0.13286427,0.41400003,-0.53537536,1.0776162,-0.1323836,-0.45734745,1.0137053,-1.2173569
379,-0.05883626,0.71062994,-1.088829,1.716841,-0.78683615,0.38029373,-1.0797825,-0.19064546,1.9850175,-1.0643804
380,-1.8413234,-2.0519886,-1.9865239,-2.362255,-0.21131586,-1.4887528,-1.9774765,-1.9929513,-1.7048414,-1.4158132
381,-1.0078357,-0.96954715,-1.1498973,-1.3703762,-0.8981539,-0.8427893,-1.149684,-0.89823973,-1.2696754,-0.48298228
382,-0.1731054,-0.59255224,-0.971807,-0.40583515,-0.86698174,0.034667086,-0.96755457,-1.0543271,-1.7290754,0.116336465
383,1.5364262,1.0182905,0.7882148,0.8675614,-1.725623,0.44934374,0.7979958,0.5294404,-0.10127986,2.1007233
384,0.9462842,0.96964824,0.30521196,-0.49459252,2.0486631,1.0212431,0.29698777,0.5407048,0.54383403,-1.2387649
385,0.4891098,1.1003313,1.3698466,0.86554897,-0.31688964,0.92388487,1.3070474,1.6845324,1.1782984,1.0374513
386,1.1669508,0.6857263,-1.2879508,1.1344267,-0.5549227,0.7443584,-1.2973894,0.66049844,0.6411595,-0.650424
387,-0.16662188,-0.80419075,0.27632508,-0.13057733,-0.54983526,-0.78486717,0.27491993,-0.6706567,0.5872862,0.43361324
388,-0.11361867,-0.07087,1.1424434,-0.21984893,1.8887552,-0.27200907,1.1315955,0.42017946,-0.4923092,-0.28195047
389,-0.6134594,-0.8897128,-0.9488858,-1.0728791,-0.18976665,0.4477312,-0.9283631,-0.5883087,-0.012602774,-0.985332
390,1.3182632,1.5367941,0.84730613,0.84940267,-0.39247555,0.87003756,0.79937875,1.4791474,1.1991903,-1.4422342
391,1.4316561,1.1362008,0.2628027,-0.321037,-0.95053804,1.9663417,0.25288922,1.303525,1.5574162,-0.57737935
392,1.8629875,0.48162377,0.76890635,1.4122001,-0.7752903,1.1752512,0.7516152,0.9246969,0.7584491,1.5404313
393,0.632282,0.4613735,-0.14462197,1.0433817,-0.47199166,1.0788219,-0.08689659,1.0628505,0.812978,-1.4618108
394,-1.723514,-1.175684,0.5248568,-1.0969431,-0.9562644,0.014499025,0.4973448,-1.0736592,-0.6297182,0.21077572
395,0.55772954,1.2132204,0.91952956,0.5320181,0.6440961,1.8356416,0.87713337,0.6471956,1.0029663,0.25550735
396,-0.24582615,-0.60461426,-0.11055507,-0.5940204,-0.5177523,0.14455244,-0.10269096,-0.6342073,0.1172821,0.22032306
397,-1.0729913,-0.9058354,-1.4013231,-0.98542005,-1.134625,-1.6080761,-1.3913921,-0.83681285,-1.6347667,-1.2368827
398,-0.13508102,-0.119516514,-3.0083213,-0.9279221,-0.3276115,-1.0983515,-2.9678545,-1.750155,-0.21476167,-0.9825649
399,-1.1986628,-0.8376098,-0.4498786,-0.9038131,0.22053865,-0.46491796,-0.41928822,-0.69663185,-0.3425866,-1.8809116
400,-2.0794005,-1.6594336,-2.093198,-1.5237229,-0.0613937,-1.9087275,-2.0754101,-1.4952484,-0.84292394,-0.1808385
401,-0.957427,-1.6794732,0.43494305,-0.22846094,1.8032954,-1.3293054,0.42246413,-0.015559652,-2.2324464,0.2758755
402,0.6284634,1.4960923,1.0090263,0.7646964,1.1512028,-0.13515088,0.9449105,2.0411541,-0.17222443,0.39137703
403,1.9961658,1.5352182,0.59422934,1.5589879,1.2104732,1.7159607,0.56102306,0.94078803,0.8836944,2.333508
404,0.6274463,0.51005375,0.61215067,0.27258563,-0.31933248,-0.55961436,0.58783764,0.8751559,-0.49626055,0.28067374
405,-0.026087705,0.60234094,0.5538176,0.7186531,-1.4681826,0.2354577,0.5655165,0.023536436,-0.5420213,-1.0841706
406,-0.1982335,0.03514704,0.14621238,1.0268897,-1.1106973,0.3022969,0.12974593,0.0068058153,0.041619573,-1.1011868
407,0.89237934,-0.2945655,-0.020266954,0.8266691,-0.5895829,-0.104180895,-0.038692024,-0.19331247,-0.024770118,-1.3695034
408,-0.010057984,-0.7316258,0.66127104,-0.40180218,1.4925246,-0.82286525,0.64785033,1.6356912,-0.12280017,0.6102385
409,0.03280311,0.62161314,-1.2445128,-0.39891616,-0.60341966,0.7263625,-1.2376871,-0.2187759,0.2344341,-0.49545577
410,0.30924273,-0.35924298,0.07329838,0.11285891,-0.05957678,-0.06507407,0.05266293,-0.22655156,0.14916773,0.8407593
411,-1.5603869,-0.82713383,-0.32997817,-0.4193151,-0.64493406,-1.3332659,-0.31143743,-1.1053659,-0.86104816,-0.20083757
412,2.1770742,1.3073298,0.92265093,1.6781723,-0.9186889,0.6018994,0.8683888,0.8350166,1.2009832,0.34101722
413,-1.5948136,-1.2060871,-0.781822,-1.4041547,-0.3183593,-0.54766953,-0.77978384,-1.1993334,-1.8134422,-1.6109539
414,-0.33823806,-0.72807246,0.7973803,0.355401,-0.45958948,-0.81287616,0.7744163,-1.2312424,-0.2998461,0.609316
415,2.0872917,2.051813,1.536643,2.0179572,-0.33349633,1.0899618,1.5277783,0.90314126,1.7747467,0.56615204
416,-0.62381715,-1.1901349,0.2299377,-0.4407965,1.4456695,-1.2280362,0.2250135,-0.9926138,-0.8165053,0.5610778
417,1.0051949,0.5245267,-0.24700177,-0.3318807,2.262152,0.59821737,-0.2442047,0.46017453,0.0034172838,-0.670955
418,0.65936744,0.68653107,-0.09834457,0.1459945,-0.52772117,0.2751625,-0.09814497,0.19851944,0.32618394,1.3468137
419,0.11535107,0.21113914,0.12074584,0.56499875,-0.6823665,-0.3906927,0.11219296,1.406925,0.42376536,-0.3564483
420,2.090493,1.0631316,1.1260104,-0.51589644,2.2859511,-0.18288407,1.0943602,0.80308914,-0.61444694,0.0622631
421,-1.2614162,-1.165456,-1.2221594,-0.8179604,0.22441745,-1.0324422,-1.2104366,-1.0368872,-0.0870359,-0.018071141
422,-0.9330038,-1.1031312,-0.12701462,-0.5868739,1.2729142,0.33348238,-0.13699552,-0.16076845,-1.0605756,0.47936147
423,-0.41939032,0.12530862,1.1351693,0.43194717,1.1366436,0.00028129976,1.1305033,1.872679,-1.7370678,1.8040587
424,-0.13028273,0.28579745,0.023652928,0.3844183,-1.0521531,-1.1971519,0.019605152,0.33180827,-0.14558233,1.632124
425,0.025496386,-0.44831926,0.062952116,0.19407244,-0.09883128,-0.08554505,0.0558245,-0.98981225,-0.32289895,-0.35392565
426,0.41949326,1.6531857,1.4699199,0.1936081,1.8506557,0.3138606,1.4635196,0.659033,1.0462722,1.3224933
427,-0.029629216,0.5644082,0.41871053,0.22265,-0.8497735,0.14539239,0.39457023,-0.23077555,-0.6819868,-1.6456316
428,0.96507215,-0.66031647,-1.7163308,0.4455263,-0.37714902,0.5696657,-1.6907151,-0.5859467,2.2662883,-0.11639411
429,0.62087137,0.24824658,-2.1593843,-1.0122573,-0.5727732,0.0360071,-2.1357393,-0.5422554,2.2598617,-1.3752286
430,1.3168244,0.8907333,1.2238717,1.179049,0.58676696,0.50375783,1.2314663,1.2936037,1.3859589,2.7503555
431,-1.2484024,-1.0741775,-0.3554272,-0.7282433,-0.09073813,-0.31826168,-0.35351545,-1.3551759,-1.1101415,-0.6389874
432,0.10717648,-0.09689656,0.82941556,0.19198215,1.3455181,0.6967591,0.801708,0.03918164,-0.7912495,-0.29289868
433,0.91136444,0.60356534,0.16908228,1.1528304,0.17368525,0.006787565,0.13893916,0.42235455,0.8539374,0.7446679
434,-0.80786514,-0.4859758,-0.2738352,0.26632458,0.06280488,0.050952204,-0.28979686,-0.40979475,-1.2655902,0.47332186
435,-0.32838607,0.5798705,0.87845016,-0.69188493,2.9123158,0.83521795,0.75126004,0.073342904,-2.1132798,0.3058259
436,1.1109345,1.5752559,0.10648266,0.8005594,0.07111567,0.29164037,0.13559127,0.7586019,1.4927064,-1.0569328
437,-0.9284462,-0.8572442,0.35151678,-0.78859687,0.07290032,0.13272709,0.3437922,0.10916591,-0.7086271,-0.6142786
438,-1.2044866,-0.88994086,-1.6619241,-1.7770503,-1.1488918,-0.79099,-1.6236582,-2.5996857,-1.5738547,-0.60577846
439,-0.16299365,-0.62376744,-1.0542377,-0.36978027,-0.44369486,-0.102816164,-1.0435712,-0.85609126,0.11342541,0.029723294
440,0.07283218,-0.13283329,-0.080971524,-0.09740861,-0.92545074,-0.523196,-0.09331642,-0.5454428,0.3879278,-0.53735876
441,-1.6419132,-1.5712233,-2.1190274,-1.4817947,-0.257642,-1.182246,-2.1028633,-1.5763544,-0.5735334,-2.0481207
442,1.1838043,2.4172707,1.0929812,0.9811415,2.0980139,0.57538474,1.0948117,1.3848572,0.34646702,1.1373911
443,0.45472658,0.9221882,0.93115664,0.897565,-0.39969254,0.74902844,0.8742009,1.0674849,0.3673755,1.7395833
444,-0.10608731,-0.5521964,-0.15708251,0.19829227,-0.6640177,0.22067976,-0.15733574,0.4728918,0.243573,-0.581344
445,0.25741893,1.9083586,1.2586089,0.38405097,-0.21876846,-0.48047936,1.1671838,0.118964404,-0.2141478,-2.0325942
446,0.37781376,0.18754709,0.6861683,-0.07063896,0.098253936,-0.9268675,0.645503,0.636063,-1.5691354,0.8526882
447,0.88279057,-0.33419782,1.6219039,-1.6852412,0.37296492,0.72928953,1.7640277,0.7098236,0.21518776,0.022643544
448,1.2938178,0.2572847,0.6545573,1.4739873,1.9366817,-0.40506494,0.62231326,1.5850587,0.17127812,0.89710873
449,0.9214128,0.24219456,0.9403315,1.129226,0.782886,-0.97452176,0.88279307,1.6581466,-0.5369532,1.0532515
450,0.15534942,1.2243608,0.032863483,0.719654,-1.0512748,0.011275716,0.03520754,1.1935664,-0.4209745,1.4471008
451,-1.3727591,-1.2604476,-0.3264307,-1.5572277,-0.49203563,-0.8907026,-0.3301618,-1.0918484,-0.98347354,-0.86119807
452,0.35004753,0.6717558,-2.1954534,-0.32245135,-0.7802115,0.108685195,-2.2117562,-0.2871951,-0.593254,-0.7285676
453,1.4921923,1.4806209,1.1044369,1.2118285,-1.7282296,1.2402345,1.0496252,1.3069615,1.0917437,1.0924939
454,1.3474798,0.30226797,0.15820438,0.47147995,0.30911487,1.9880476,0.15059716,1.5939848,-0.088692755,-0.33998796
455,-2.0293317,-1.0480899,-1.1962705,-2.082034,-0.16283447,-1.7947809,-1.1807041,-1.6456296,-1.0185703,-1.5463252
456,1.7496328,1.2876794,1.5601153,0.8089145,-0.5895351,-0.102984145,1.573909,0.4810542,0.57842666,1.824515
457,-0.22003816,-0.12658948,0.20729172,-0.03349691,1.2648027,-0.42825887,0.21383348,-0.79580116,-1.304385,0.57376623
458,-0.21833287,0.4709283,0.80799735,-0.12185179,0.44712043,0.3015824,0.7831366,0.7331484,-0.06115085,0.46189737
459,-0.49368674,0.20314275,-0.09165511,0.33670822,-0.20270643,-0.28466517,-0.09176321,0.20554352,1.1771945,0.035009615
460,-0.05722264,0.52933335,0.8134502,0.257312,1.4633751,0.13057613,0.7812519,0.28877968,0.08878297,1.6184671
461,0.97806764,0.37032813,0.8311467,0.4554765,-1.2260196,0.13582002,0.7972691,0.7192942,0.44744724,1.3759303
462,-1.1678002,-0.7797034,-1.5456719,0.1704104,0.31656396,-0.4755836,-1.542974,-0.1848796,0.29488444,-0.890854
463,-1.2724967,-1.9066238,0.0298061,-0.95731604,0.4038739,-1.0701547,0.016017362,-0.06341632,0.012836117,0.56242394
464,0.15349735,-0.5769682,-1.0691574,-0.79820406,-0.36229324,-0.5186258,-1.0224358,-0.8608165,-0.962919,-2.2411826
465,1.0019481,0.883268,0.3847885,0.5219053,-0.14173883,-0.36527398,0.36820698,1.2342285,0.39709258,1.4963644
466,0.6745775,0.57730514,0.728189,0.4847371,1.4738951,0.09625246,0.6867886,1.1541753,0.20533115,1.5026566
467,0.20522474,-0.53380156,1.0427898,-0.20146865,-0.67368805,0.16236499,1.020567,1.5249083,-0.21073738,-0.2876076
468,-1.5455226,-1.6004932,-1.0122507,-1.0184143,-0.6625762,-1.2767487,-0.99978447,-0.89973503,-2.3449402,-0.117517196
469,0.35468543,0.3390474,-0.51842296,1.0549842,0.15973619,0.27289215,-0.52155304,-0.43457898,0.20441866,-0.95529854
470,-0.8868596,-1.0652795,-1.8702161,-0.40338546,-1.286039,-0.33439767,-1.8327181,-0.8699983,-0.48113292,-2.2891579
471,0.7558626,0.5969177,-0.2525031,0.28248233,-1.0767329,-0.4146881,-0.27299756,0.0047871554,0.4103969,-0.15659323
472,0.9223949,0.68634665,0.42399472,0.99408436,-0.7705276,-0.20831622,0.41505283,-0.34930855,0.084518045,1.6339821
473,0.26536942,0.4430402,-1.9237462,0.64779526,-0.19498439,-0.4170894,-1.8924227,-1.0240823,-0.1423729,-0.91454357
474,0.112232216,0.039086767,0.9279485,0.31156498,-0.4317852,-1.1453738,1.007047,0.7287283,-0.7160717,-0.7554202
475,-0.6555228,0.3849076,0.050132398,0.19026467,-1.6963711,0.56743324,0.031202026,-0.88613856,-0.82842976,-1.0351791
476,-0.86509746,0.015159693,-2.1393163,-1.0440449,-0.3923097,-1.1176634,-2.1140447,-1.5156555,1.2007952,-1.302701
477,-1.3597529,-1.0852373,0.4527169,-1.5293214,0.40195584,-0.5017491,0.46031442,-1.5232558,-1.1203558,-0.715001
478,0.5051652,-0.6973796,0.3378228,0.15408191,-0.6523708,-0.94209087,0.3662072,0.0131520005,0.48041213,1.5669262
479,-1.5292528,-0.06587289,-0.15812981,-0.6005506,-1.5022027,0.2419529,-0.18234746,-0.7979447,0.07282357,-1.2507668
480,-1.2776637,-1.7156038,-1.4131126,-2.075266,-0.80356914,-1.4928424,-1.385466,-2.3211398,-1.4537543,-0.017006801
481,0.8177973,1.05579,1.3162127,0.773787,1.4386854,1.405247,1.3246627,0.8687079,0.93103635,0.709662
482,-1.1029434,-1.3587338,0.62270296,-0.1589443,1.9721744,-2.4165814,0.5916463,0.6693672,-1.2326331,0.13486256
483,1.0384992,1.0795944,0.4820801,0.025686316,-0.71149397,0.6514185,0.44382733,0.0842595,2.2570927,0.1415817
484,0.90583384,0.08629489,0.4867075,0.64732313,-1.0738485,0.571918,0.46446583,1.0895245,-0.12754244,-0.09953724
485,-0.5680605,-0.8048316,-1.2388473,-1.0221368,-0.7216451,-0.44096905,-1.2118958,-0.7253715,-0.91530013,-1.7609706
486,1.0779603,1.6179838,1.240763,1.4742954,-1.2352269,1.513627,1.1919789,0.53751975,0.97594655,0.81282735
487,0.35985333,0.067033455,1.0393095,-0.18134046,-0.74099565,0.4670375,1.0080462,1.4664532,-0.096794456,-0.25373355
488,-1.0874865,-1.5538422,-0.9410354,-1.3160756,0.17643651,-0.97986937,-0.91366386,-1.6875231,-1.6155384,-1.3607183
489,-0.9089187,-1.1472468,-0.2470309,-0.22027904,-0.7830633,0.51254463,-0.2528907,-0.36713517,-1.3048642,-1.5042305
490,0.2690403,-0.37881395,0.35680333,0.6606426,0.106069505,0.4558745,0.35104376,-1.4727397,0.54511476,-0.06626493
491,1.6589053,0.97614896,0.13162258,1.2793684,-1.72565,0.5455302,0.13066036,0.99791515,0.3014418,1.4757702
492,0.14718394,0.0729732,0.16302864,-0.67023367,1.5863106,0.52921796,0.14013249,-0.5435419,-0.108571835,0.6235315
493,0.019940546,-0.53723276,1.0039846,-0.5491865,-1.2877336,-1.0276315,1.0210311,0.53546095,-0.2598189,-0.34353182
494,0.8784826,0.33993655,-0.51086676,0.52437764,-0.44713303,1.2351325,-0.49514169,0.32409123,0.6045123,0.3894065
495,0.21671641,-0.6124913,0.5410315,-1.3173907,1.7921014,0.08941441,0.47652522,0.4055064,-0.8687191,1.3358991
496,0.17741387,-0.968924,1.1155665,-0.23335722,-0.27640164,-0.7373602,1.1029556,-0.6482886,-1.3358333,-0.35679728
497,-2.2074099,-1.2725155,-1.0349388,-2.28003,-0.627669,-2.442822,-1.0132952,-1.9306602,-1.264146,-1.4862936
498,1.9405223,2.0988011,0.28160244,1.3549943,-0.023542538,0.67418844,0.24759725,1.0603335,0.21913451,0.4449172
499,-0.1411294,0.8582709,1.6141546,-1.3632904,-0.91314524,0.17846426,1.8528638,0.5002959,0.10088103,1.232758
500,-1.0714377,-2.0207088,-1.9779925,-1.6553359,-0.023850452,-1.9239087,-1.9517975,-1.883485,-2.5177867,-0.2391591
